
#p_type 0
//T
10, 100, 200, 300, 400
//h
0, 1000, 2000, 3000, 4000
//k
1, 1, 1, 1, 1
//mu
1e-3, 1e-3, 1e-3, 1e-3, 1e-3
#end

#p_type 1
//T
10, 100, 200, 300, 400, 500
//h
0, 1001, 2001, 3001, 4001, 5001
//k
2, 2, 2, 2, 2, 2
//mu
1e-3, 1e-3, 1e-3, 1e-3, 1e-3
#end

#p_type 2
//T
10, 100, 200, 300, 400
//h
0, 1000, 2000, 3000, 4000
//k
1, 1, 1, 1, 1
//mu
1e-4, 1e-4, 1e-4, 1e-4, 1e-4
#end

#p_type 9
//T
10, 100, 200, 300, 400
//h
0, 1000, 2000, 3000, 4000
//k
1, 1, 1, 1, 1
//mu
1e-3, 1e-3, 1e-3, 1e-3, 1e-3
#end
